-0.03056286860052374 0.28346704544004736 -0.9417513138904469 -0.5823554282960262 
-0.28151046963809506 0.5981889065172323 0.3552419254092844 0.45380148924125935 
2.1558305570662277 2.2780406708479375 2.0215006602019927 1.2770907479045601 
-1.231274831386008 -17.088972861523064 7.673344600402354 6.540415266098987 
5.007760503888025 -3.7833931225859687 -0.41556739247237295 3.746926577526096 
4.479484822287868 0.40915311600362864 -2.7651807723423922 -0.4941227252097962 
-0.10150883869233714 -0.06345309986372542 -0.5303502094524547 -0.3600969283439262 
18.033789162335985 -10.237215733683707 4.846412980294129 -1.090770328885138 -0.05959239174527135 -2.838307899908249 17.88622120747336 
-11.467267040802296 9.55328255813142 -6.216251449037337 -7.077919925174466 6.853801037716712 -5.222795079272787 -12.099182880008913 
-18.91807585538447 10.453002982648075 -8.033962561231586 1.9394298955884455 -8.248991611330082 8.48627142825253 -18.5004491765032 
